1. top6 [[3504, 12, 20], [2126, 17, 30], [3570, 12.8, 20], [4363, 13, 10], [3630, 17.7, 20], [4952, 11.5, 10]]
2. top50 [[3504, 12, 20], [2126, 17, 30], [3570, 12.8, 20], [4363, 13, 10], [3630, 17.7, 20], [4952, 11.5, 10], [3436, 11, 20], [2278, 15.5, 20], [2035, 22.2, 30], [3725, 19, 30], [2265, 18.2, 30], [2979, 19.5, 20], [2130, 14.7, 40], [4335, 14.5, 20], [2870, 18.1, 30], [3302, 15.5, 20], [1760, 16.1, 40], [3449, 10.5, 20], [2074, 19.5, 30], [3420, 22.2, 20], [1867, 19.5, 30], [4082, 13, 20], [2202, 15.3, 30], [2379, 16.5, 20], [2391, 15.5, 30], [2875, 17, 20], [2401, 19.5, 20], [2085, 21.7, 40], [2560, 14.2, 30], [3169, 12, 10], [4140, 13.7, 20], [1963, 15.5, 30], [2065, 17.8, 30], [2542, 17, 30], [1795, 17.4, 30], [2150, 14.9, 30], [3563, 10, 20], [3039, 15, 20], [4274, 12, 10], [2310, 18.5, 20], [2395, 18, 30], [4096, 13, 10], [2434, 15, 40], [2255, 17.7, 30], [2190, 14.2, 30], [2678, 16.5, 30], [2795, 15.7, 20], [3086, 10, 10], [3102, 16.5, 20], [2189, 18, 30]]
3. most [[2130, 24.6, 40]]
4: rand [2754.75, 15.625, 25.0]
5: mid [2885.9945945945947, 15.724594594594588, 24.486486486486488]
6: top: []
4: rand [2777.4, 16.64, 26.0]
5: mid [2888.4227642276423, 15.726829268292676, 24.471544715447155]
6: top: [[2125, 14.5, 30]]
4: rand [2693.1666666666665, 17.133333333333336, 28.333333333333332]
5: mid [2890.4713896457765, 15.710354223433237, 24.46866485013624]
6: top: [[2125, 14.5, 30]]
4: rand [2774.714285714286, 14.542857142857143, 25.714285714285715]
5: mid [2306.422110552764, 16.60201005025126, 29.597989949748744]
6: top: [[2125, 14.5, 30]]
4: rand [2894.25, 14.937500000000002, 22.5]
5: mid [2305.4467005076144, 16.60812182741117, 29.64467005076142]
6: top: [[2125, 14.5, 30]]
4: rand [2924.5555555555557, 16.48888888888889, 22.22222222222222]
5: mid [2305.4467005076144, 16.60812182741117, 29.64467005076142]
6: top: [[2125, 14.5, 30]]
4: rand [3104.2, 14.51, 24.0]
5: mid [2303.204081632653, 16.607653061224493, 29.693877551020407]
6: top: [[2125, 14.5, 30]]
4: rand [3089.3636363636365, 14.645454545454545, 22.727272727272727]
5: mid [2310.90099009901, 16.553960396039606, 29.504950495049506]
6: top: [[2125, 14.5, 30]]
4: rand [3007.0, 15.20833333333333, 22.5]
5: mid [2314.30890052356, 16.543979057591624, 29.68586387434555]
6: top: [[2125, 14.5, 30]]
4: rand [2870.230769230769, 16.276923076923076, 23.076923076923077]
5: mid [2312.41, 16.567000000000004, 29.55]
6: top: [[2125, 14.5, 30]]
4: rand [2915.5714285714284, 15.357142857142856, 25.0]
5: mid [2309.5075376884424, 16.563316582914574, 29.597989949748744]
6: top: [[2125, 14.5, 30]]
4: rand [2750.4, 16.646666666666665, 24.666666666666668]
5: mid [2307.4343434343436, 16.548989898989905, 29.595959595959595]
6: top: [[2125, 14.5, 30]]
4: rand [2827.625, 15.762499999999998, 26.875]
5: mid [2298.9685863874347, 16.596335078534036, 29.790575916230367]
6: top: [[2125, 14.5, 30]]
4: rand [2807.176470588235, 15.670588235294117, 27.058823529411764]
5: mid [2299.5526315789475, 16.600526315789477, 29.789473684210527]
6: top: [[2125, 14.5, 30]]
4: rand [2998.722222222222, 15.977777777777776, 26.11111111111111]
5: mid [2299.6031746031745, 16.5984126984127, 29.788359788359788]
6: top: [[2125, 14.5, 30]]
4: rand [2920.2105263157896, 14.605263157894736, 23.157894736842106]
5: mid [2301.251336898396, 16.614438502673796, 29.78609625668449]
6: top: [[2125, 14.5, 30]]
1. top6 [[3940, 13.2, 10], [4657, 13.5, 10], [2515, 14.8, 20], [2914, 16, 20], [2130, 14.5, 30], [3070, 16.7, 20]]
2. top50 [[3940, 13.2, 10], [4657, 13.5, 10], [2515, 14.8, 20], [2914, 16, 20], [2130, 14.5, 30], [3070, 16.7, 20], [2957, 17, 20], [3102, 16.5, 20], [3850, 8.5, 20], [3035, 20.5, 20], [2171, 16, 30], [4735, 11, 10], [4955, 11.5, 10], [3039, 15, 20], [2694, 15, 20], [2395, 18, 30], [2950, 19.9, 40], [2155, 16.4, 30], [1795, 17.5, 30], [2189, 18, 30], [4385, 12, 10], [2046, 19, 30], [3420, 22.2, 20], [3761, 9.5, 20], [2300, 14.5, 30], [4499, 12.5, 10], [2155, 14.8, 30], [2865, 16.4, 20], [4654, 13, 10], [2979, 19.5, 20], [3651, 17.7, 20], [2226, 16.5, 20], [1800, 16.4, 40], [3785, 19, 20], [4215, 12.8, 10], [3265, 18.2, 20], [2130, 24.6, 40], [1975, 15.2, 30], [4054, 14.3, 20], [3693, 11.5, 20], [3645, 16.2, 20], [2962, 13.5, 20], [3907, 21, 20], [3155, 18.2, 20], [1875, 16.4, 40], [2350, 16.8, 30], [2158, 15.5, 20], [2125, 17.3, 40], [2070, 18.6, 40], [2670, 16, 30]]
3. most [[2130, 24.6, 40]]
4: rand [3178.75, 16.125, 25.0]
5: mid [2310.6881188118814, 16.573762376237624, 29.554455445544555]
6: top: []
4: rand [3160.6, 13.8, 24.0]
5: mid [2308.6965174129355, 16.579104477611942, 29.55223880597015]
6: top: [[1845, 15.3, 30]]
4: rand [2782.6666666666665, 13.133333333333333, 21.666666666666668]
5: mid [2308.6965174129355, 16.579104477611942, 29.55223880597015]
6: top: [[1845, 15.3, 30]]
4: rand [3772.1428571428573, 15.485714285714286, 18.571428571428573]
5: mid [2302.4564102564104, 16.62871794871795, 29.58974358974359]
6: top: [[1845, 15.3, 30]]
4: rand [3189.25, 13.55, 22.5]
5: mid [2302.8298969072166, 16.639690721649483, 29.587628865979383]
6: top: [[1845, 15.3, 30]]
4: rand [2826.1111111111113, 16.788888888888888, 26.666666666666668]
5: mid [2303.699481865285, 16.639896373056995, 29.585492227979273]
6: top: [[1845, 15.3, 30]]
4: rand [2794.8, 16.16, 26.0]
5: mid [2278.8563535911603, 16.587292817679558, 29.834254143646408]
6: top: [[1845, 15.3, 30]]
4: rand [2983.3636363636365, 16.536363636363635, 25.454545454545453]
5: mid [2278.8563535911603, 16.587292817679558, 29.834254143646408]
6: top: [[1845, 15.3, 30]]
4: rand [3284.0833333333335, 15.733333333333333, 19.166666666666668]
5: mid [2275.461111111111, 16.583333333333332, 29.88888888888889]
6: top: [[1845, 15.3, 30]]
4: rand [2644.923076923077, 15.261538461538462, 21.53846153846154]
5: mid [2276.8988764044943, 16.597191011235957, 29.831460674157302]
6: top: [[1845, 15.3, 30]]
4: rand [3144.8571428571427, 14.564285714285713, 22.857142857142858]
5: mid [2276.8988764044943, 16.597191011235957, 29.831460674157302]
6: top: [[1845, 15.3, 30]]
4: rand [2918.266666666667, 17.026666666666664, 25.333333333333332]
5: mid [2276.8361581920904, 16.59491525423729, 29.83050847457627]
6: top: [[1845, 15.3, 30]]
4: rand [2905.375, 15.231250000000001, 23.125]
5: mid [2313.705263157895, 16.578421052631583, 29.57894736842105]
6: top: [[1845, 15.3, 30]]
4: rand [3104.764705882353, 14.647058823529411, 22.352941176470587]
5: mid [2313.705263157895, 16.578421052631583, 29.57894736842105]
6: top: [[1845, 15.3, 30]]
4: rand [3204.722222222222, 15.444444444444445, 20.0]
5: mid [2314.063492063492, 16.592063492063495, 29.576719576719576]
6: top: [[1845, 15.3, 30]]
4: rand [3485.8947368421054, 15.731578947368419, 21.05263157894737]
5: mid [2309.4545454545455, 16.601069518716578, 29.67914438502674]
6: top: [[1845, 15.3, 30]]
1. top6 [[3777, 12.5, 20], [2265, 15.2, 30], [3850, 8.5, 20], [3785, 19, 20], [2202, 15.3, 30], [1760, 16.1, 40]]
2. top50 [[3777, 12.5, 20], [2265, 15.2, 30], [3850, 8.5, 20], [3785, 19, 20], [2202, 15.3, 30], [1760, 16.1, 40], [2144, 14.7, 40], [1937, 14.2, 30], [3288, 15.5, 20], [2639, 17, 20], [2511, 18, 20], [3425, 16.9, 20], [3365, 15.5, 20], [3761, 9.5, 20], [2370, 13, 40], [1963, 15.5, 30], [4129, 13, 10], [2255, 17.7, 30], [2930, 15.5, 20], [2720, 13.5, 20], [2210, 14.4, 30], [2050, 17.3, 40], [3035, 20.5, 20], [3962, 13.9, 20], [4165, 11.4, 20], [4499, 12.5, 10], [2870, 18.1, 30], [2279, 19, 20], [3420, 22.2, 20], [3449, 10.5, 20], [2789, 15, 20], [2372, 15, 20], [2228, 14, 30], [2046, 19, 30], [1825, 12.2, 30], [4209, 12, 10], [3693, 11.5, 20], [4951, 11, 10], [2807, 13.5, 20], [4100, 13, 10], [3632, 18, 20], [2288, 17, 30], [3425, 13.2, 20], [4735, 11, 10], [3730, 19, 20], [2904, 16, 20], [2620, 14.4, 30], [4464, 11.5, 10], [4215, 12.8, 10], [2065, 14.5, 30]]
3. most [[2130, 24.6, 40]]
4: rand [3440.5, 15.775, 20.0]
5: mid [2088.3584905660377, 16.898113207547176, 31.79245283018868]
6: top: []
4: rand [2776.2, 16.4, 26.0]
5: mid [2292.438775510204, 16.552551020408167, 29.540816326530614]
6: top: [[2035, 22.2, 30]]
4: rand [3608.8333333333335, 13.616666666666667, 16.666666666666668]
5: mid [2304.185929648241, 16.550753768844224, 29.44723618090452]
6: top: [[2035, 22.2, 30]]
4: rand [3169.0, 14.442857142857141, 22.857142857142858]
5: mid [2304.185929648241, 16.550753768844224, 29.44723618090452]
6: top: [[2035, 22.2, 30]]
4: rand [2755.125, 17.375, 27.5]
5: mid [2304.185929648241, 16.550753768844224, 29.44723618090452]
6: top: [[2035, 22.2, 30]]
4: rand [3579.8888888888887, 15.566666666666666, 18.88888888888889]
5: mid [2303.4444444444443, 16.551010101010107, 29.444444444444443]
6: top: [[2035, 22.2, 30]]
4: rand [2844.7, 15.080000000000002, 26.0]
5: mid [2303.4444444444443, 16.551010101010107, 29.444444444444443]
6: top: [[2035, 22.2, 30]]
4: rand [3408.0, 15.672727272727274, 19.09090909090909]
5: mid [2307.295918367347, 16.536734693877555, 29.43877551020408]
6: top: [[2035, 22.2, 30]]
4: rand [3215.8333333333335, 14.766666666666667, 20.833333333333332]
5: mid [2306.0923076923077, 16.53179487179488, 29.435897435897434]
6: top: [[2035, 22.2, 30]]
4: rand [3693.230769230769, 14.153846153846153, 18.46153846153846]
5: mid [2306.0923076923077, 16.53179487179488, 29.435897435897434]
6: top: [[2035, 22.2, 30]]
4: rand [3047.3571428571427, 15.778571428571427, 25.0]
5: mid [2306.0923076923077, 16.53179487179488, 29.435897435897434]
6: top: [[2035, 22.2, 30]]
4: rand [3206.266666666667, 14.3, 22.0]
5: mid [2306.855670103093, 16.537113402061863, 29.484536082474225]
6: top: [[2035, 22.2, 30]]
4: rand [2913.0, 16.387500000000003, 25.625]
5: mid [2307.642487046632, 16.546113989637313, 29.481865284974095]
6: top: [[2035, 22.2, 30]]
4: rand [2955.176470588235, 16.241176470588233, 23.529411764705884]
5: mid [2308.671875, 16.539062500000004, 29.375]
6: top: [[2035, 22.2, 30]]
4: rand [3107.5555555555557, 14.777777777777779, 22.77777777777778]
5: mid [2306.1052631578946, 16.533157894736846, 29.473684210526315]
6: top: [[2035, 22.2, 30]]
4: rand [2854.5789473684213, 16.342105263157894, 25.263157894736842]
5: mid [2305.767195767196, 16.551851851851858, 29.417989417989418]
6: top: [[2035, 22.2, 30]]
1. top6 [[3664, 11, 10], [2800, 14.4, 30], [4209, 12, 10], [1850, 13.8, 40], [2065, 14.5, 30], [2264, 15.5, 30]]
2. top50 [[3664, 11, 10], [2800, 14.4, 30], [4209, 12, 10], [1850, 13.8, 40], [2065, 14.5, 30], [2264, 15.5, 30], [2957, 17, 20], [3329, 15.5, 20], [3278, 18, 20], [3632, 18, 20], [3302, 15.5, 20], [2700, 12.9, 30], [2490, 15.7, 30], [4082, 13, 20], [2350, 16.8, 30], [1968, 18.8, 40], [4096, 13, 10], [3140, 13.6, 20], [3430, 17.2, 20], [3102, 16.5, 20], [3121, 16.5, 20], [4997, 14, 10], [4955, 11.5, 10], [2575, 16.2, 30], [3380, 15.8, 20], [2130, 14.7, 40], [1760, 16.1, 40], [1985, 21.5, 40], [4135, 13.5, 20], [2868, 15.5, 20], [4425, 10, 10], [4295, 14.9, 20], [3900, 17.4, 20], [4654, 13, 10], [3850, 8.5, 20], [3155, 18.2, 20], [2265, 15.2, 30], [1867, 19.5, 30], [2865, 16.4, 20], [3433, 12, 20], [2962, 13.5, 20], [3821, 11, 10], [4385, 12, 10], [2125, 14.7, 40], [2451, 16.5, 30], [2125, 14.5, 30], [2246, 14, 30], [2046, 19, 30], [2045, 16.2, 30], [3039, 15, 20]]
3. most [[2130, 24.6, 40]]
4: rand [2591.75, 14.899999999999999, 27.5]
5: mid [2569.8566552901025, 16.478156996587018, 26.962457337883958]
6: top: []
4: rand [3439.4, 15.1, 20.0]
5: mid [2573.9450171821304, 16.48041237113401, 26.90721649484536]
6: top: [[2065, 17.8, 30]]
4: rand [3121.3333333333335, 14.75, 23.333333333333332]
5: mid [2081.4333333333334, 17.108333333333334, 31.666666666666668]
6: top: [[2065, 17.8, 30]]
4: rand [2523.8571428571427, 15.157142857142857, 30.0]
5: mid [2083.589285714286, 17.255357142857143, 31.964285714285715]
6: top: [[2065, 17.8, 30]]
4: rand [2729.0, 15.012500000000001, 27.5]
5: mid [2085.3818181818183, 17.17818181818182, 31.818181818181817]
6: top: [[2065, 17.8, 30]]
4: rand [3645.3333333333335, 14.644444444444446, 18.88888888888889]
5: mid [2080.6792452830186, 16.96981132075472, 31.50943396226415]
6: top: [[2065, 17.8, 30]]
4: rand [2791.7, 17.69, 26.0]
5: mid [2271.4198895027625, 16.64696132596685, 29.668508287292816]
6: top: [[2065, 17.8, 30]]
4: rand [2848.4545454545455, 13.918181818181818, 26.363636363636363]
5: mid [2270.677777777778, 16.656666666666663, 29.72222222222222]
6: top: [[2065, 17.8, 30]]
4: rand [2668.6666666666665, 15.966666666666663, 27.5]
5: mid [2303.780104712042, 16.656544502617795, 29.476439790575917]
6: top: [[2065, 17.8, 30]]
4: rand [2830.076923076923, 15.461538461538463, 25.384615384615383]
5: mid [2302.5263157894738, 16.65210526315789, 29.473684210526315]
6: top: [[2065, 17.8, 30]]
4: rand [2979.4285714285716, 17.12142857142857, 23.571428571428573]
5: mid [2302.5263157894738, 16.65210526315789, 29.473684210526315]
6: top: [[2065, 17.8, 30]]
4: rand [2944.733333333333, 15.473333333333334, 24.0]
5: mid [2302.5263157894738, 16.65210526315789, 29.473684210526315]
6: top: [[2065, 17.8, 30]]
4: rand [2768.4375, 15.88125, 27.5]
5: mid [2299.122340425532, 16.64361702127659, 29.52127659574468]
6: top: [[2065, 17.8, 30]]
4: rand [3014.823529411765, 15.782352941176471, 24.11764705882353]
5: mid [2300.775401069519, 16.641711229946516, 29.518716577540108]
6: top: [[2065, 17.8, 30]]
4: rand [2738.8888888888887, 15.555555555555555, 25.0]
5: mid [2301.7473118279568, 16.647849462365585, 29.516129032258064]
6: top: [[2065, 17.8, 30]]
4: rand [3014.7368421052633, 14.457894736842105, 24.210526315789473]
5: mid [2302.929347826087, 16.660326086956516, 29.619565217391305]
6: top: [[2065, 17.8, 30]]
1. top6 [[3613, 16.5, 20], [1649, 16.5, 30], [2408, 19, 20], [2189, 18, 30], [2542, 17.5, 30], [4382, 13.5, 10]]
2. top50 [[3613, 16.5, 20], [1649, 16.5, 30], [2408, 19, 20], [2189, 18, 30], [2542, 17.5, 30], [4382, 13.5, 10], [1975, 15.2, 30], [2665, 13.9, 30], [2700, 12.9, 30], [2265, 15.5, 30], [4082, 13, 20], [2202, 15.3, 30], [2740, 16, 20], [3605, 15, 20], [2542, 17, 30], [2572, 14.9, 30], [2254, 23.5, 20], [2395, 16, 20], [2020, 19.2, 30], [2219, 16.5, 30], [2200, 13.2, 30], [3230, 20.4, 30], [2035, 22.2, 30], [2003, 19, 30], [2188, 15.8, 30], [4376, 15, 10], [2720, 19.4, 30], [4077, 14, 10], [3425, 13.2, 20], [1990, 14.9, 30], [2870, 18.1, 30], [4098, 14, 10], [2671, 13.5, 30], [3870, 15, 10], [2246, 14, 30], [4457, 13.5, 10], [3436, 11, 20], [2901, 16, 20], [2694, 15, 20], [2506, 14.5, 20], [3169, 12, 10], [3563, 10, 20], [2950, 19.9, 40], [4237, 14.5, 10], [3070, 16.7, 20], [4335, 14.5, 20], [2255, 17.7, 30], [4456, 13.5, 10], [1980, 15.3, 40], [3574, 21, 20]]
3. most [[2130, 24.6, 40]]
4: rand [3373.75, 16.4, 27.5]
5: mid [2191.0133333333333, 16.65333333333334, 30.533333333333335]
6: top: []
4: rand [3622.2, 14.160000000000002, 18.0]
5: mid [2311.715, 16.579000000000008, 29.35]
6: top: [[1985, 21.5, 40]]
4: rand [3319.1666666666665, 15.966666666666667, 25.0]
5: mid [2309.753768844221, 16.594472361809053, 29.396984924623116]
6: top: [[1985, 21.5, 40]]
4: rand [2435.8571428571427, 16.514285714285712, 25.714285714285715]
5: mid [2309.626262626263, 16.558585858585868, 29.343434343434343]
6: top: [[1985, 21.5, 40]]
4: rand [2845.25, 16.3125, 25.0]
5: mid [2311.561224489796, 16.574489795918375, 29.336734693877553]
6: top: [[1985, 21.5, 40]]
4: rand [3156.8888888888887, 15.133333333333333, 22.22222222222222]
5: mid [2311.561224489796, 16.574489795918375, 29.336734693877553]
6: top: [[1985, 21.5, 40]]
4: rand [2805.8, 15.830000000000002, 26.0]
5: mid [2311.8, 16.566153846153853, 29.333333333333332]
6: top: [[1985, 21.5, 40]]
4: rand [2731.0, 16.936363636363637, 25.454545454545453]
5: mid [2311.8, 16.566153846153853, 29.333333333333332]
6: top: [[1985, 21.5, 40]]
4: rand [2758.6666666666665, 15.799999999999999, 25.833333333333332]
5: mid [2312.737113402062, 16.576804123711344, 29.329896907216494]
6: top: [[1985, 21.5, 40]]
4: rand [2906.5384615384614, 16.72307692307692, 23.846153846153847]
5: mid [2280.3651685393256, 16.534269662921357, 29.49438202247191]
6: top: [[1985, 21.5, 40]]
4: rand [3321.6428571428573, 16.22142857142857, 20.0]
5: mid [2205.2702702702704, 16.529729729729738, 30.0]
6: top: [[1985, 21.5, 40]]
4: rand [2819.2, 15.726666666666665, 22.666666666666668]
5: mid [2205.374149659864, 16.545578231292524, 30.0]
6: top: [[1985, 21.5, 40]]
4: rand [2939.1875, 15.4125, 24.375]
5: mid [2205.374149659864, 16.545578231292524, 30.0]
6: top: [[1985, 21.5, 40]]
4: rand [2426.5882352941176, 15.34705882352941, 27.647058823529413]
5: mid [2303.336956521739, 16.549456521739135, 29.293478260869566]
6: top: [[1985, 21.5, 40]]
4: rand [2554.0, 16.144444444444446, 26.666666666666668]
5: mid [2302.8360655737706, 16.541530054644817, 29.2896174863388]
6: top: [[1985, 21.5, 40]]
4: rand [3060.842105263158, 15.289473684210524, 20.526315789473685]
5: mid [2300.8186813186812, 16.550000000000008, 29.285714285714285]
6: top: [[1985, 21.5, 40]]
1. top6 [[3735, 13.2, 20], [2957, 17, 20], [3907, 21, 20], [3070, 16.7, 20], [2585, 14.5, 30], [2045, 18.5, 30]]
2. top50 [[3735, 13.2, 20], [2957, 17, 20], [3907, 21, 20], [3070, 16.7, 20], [2585, 14.5, 30], [2045, 18.5, 30], [4129, 13, 10], [3415, 15.8, 20], [1965, 15.7, 30], [2300, 14.5, 30], [2226, 16.5, 20], [2164, 22.1, 20], [3892, 12.5, 20], [4060, 19, 20], [2320, 15.8, 30], [4376, 15, 10], [2556, 13.2, 30], [2735, 18, 30], [2648, 15, 20], [2164, 15, 30], [3574, 21, 20], [3445, 13.4, 20], [1825, 12.2, 30], [3302, 15.5, 20], [2144, 14.7, 40], [4615, 14, 10], [2620, 14.4, 30], [1850, 13.8, 40], [4732, 18.5, 10], [2379, 16.5, 20], [2835, 14.7, 20], [2595, 11.3, 30], [2472, 14, 20], [2890, 17.3, 20], [2246, 14, 30], [4906, 12.5, 10], [2255, 17.7, 30], [2372, 15, 20], [3785, 19, 20], [2278, 15.5, 20], [3381, 18.7, 20], [2725, 12.6, 20], [1990, 14.9, 30], [4274, 12, 10], [2930, 13.8, 20], [3630, 17.7, 20], [1836, 21, 30], [2560, 14.2, 30], [4502, 13.5, 10], [3190, 24.8, 30]]
3. most [[2130, 24.6, 40]]
4: rand [2764.5, 16.525, 27.5]
5: mid [3198.7804878048782, 16.286585365853657, 20.975609756097562]
6: top: []
4: rand [3464.6, 15.280000000000001, 20.0]
5: mid [2564.852233676976, 16.487285223367703, 27.010309278350515]
6: top: [[3211, 17, 20]]
4: rand [3014.6666666666665, 15.450000000000001, 21.666666666666668]
5: mid [2522.4, 16.60133333333333, 27.0]
6: top: [[3211, 17, 20]]
4: rand [3118.5714285714284, 15.028571428571427, 21.428571428571427]
5: mid [2549.2386363636365, 16.684659090909086, 26.53409090909091]
6: top: [[3211, 17, 20]]
4: rand [2824.5, 16.5, 26.25]
5: mid [2304.13, 16.6215, 29.6]
6: top: [[3211, 17, 20]]
4: rand [3331.6666666666665, 15.97777777777778, 23.333333333333332]
5: mid [2305.560606060606, 16.63787878787879, 29.545454545454547]
6: top: [[3211, 17, 20]]
4: rand [2793.4, 15.959999999999999, 24.0]
5: mid [2305.560606060606, 16.63787878787879, 29.545454545454547]
6: top: [[3211, 17, 20]]
4: rand [2756.0, 14.909090909090908, 25.454545454545453]
5: mid [2354.807106598985, 16.483756345177667, 29.441624365482234]
6: top: [[3211, 17, 20]]
4: rand [2704.8333333333335, 15.758333333333335, 25.833333333333332]
5: mid [2340.6237623762377, 16.4970297029703, 29.405940594059405]
6: top: [[3211, 17, 20]]
4: rand [2726.230769230769, 16.376923076923077, 24.615384615384617]
5: mid [2352.3742331288345, 16.48036809815951, 30.1840490797546]
6: top: [[3211, 17, 20]]
4: rand [3165.4285714285716, 15.549999999999999, 22.142857142857142]
5: mid [2384.693181818182, 16.482954545454547, 32.27272727272727]
6: top: [[3211, 17, 20]]
4: rand [3274.4, 14.786666666666667, 20.666666666666668]
5: mid [2384.693181818182, 16.482954545454547, 32.27272727272727]
6: top: [[3211, 17, 20]]
4: rand [2906.5625, 15.99375, 23.75]
5: mid [2383.080459770115, 16.488505747126435, 32.298850574712645]
6: top: [[3211, 17, 20]]
4: rand [3416.1176470588234, 14.729411764705883, 21.176470588235293]
5: mid [2317.361256544503, 16.543455497382205, 29.3717277486911]
6: top: [[3211, 17, 20]]
4: rand [3252.5555555555557, 14.794444444444448, 22.22222222222222]
5: mid [2315.300518134715, 16.561658031088086, 29.378238341968913]
6: top: [[3211, 17, 20]]
4: rand [2774.7894736842104, 15.557894736842107, 24.736842105263158]
5: mid [2368.3086419753085, 16.6320987654321, 32.22222222222222]
6: top: [[3211, 17, 20]]
1. top6 [[3830, 15.2, 20], [2310, 18.5, 20], [1835, 17.3, 40], [3139, 14.5, 20], [2230, 14.5, 30], [2905, 14.3, 20]]
2. top50 [[3830, 15.2, 20], [2310, 18.5, 20], [1835, 17.3, 40], [3139, 14.5, 20], [2230, 14.5, 30], [2905, 14.3, 20], [2401, 19.5, 20], [4951, 11, 10], [2702, 13.5, 20], [2833, 15.5, 20], [4615, 14, 10], [3155, 18.2, 20], [4237, 14.5, 10], [3360, 16.6, 20], [3664, 11, 10], [1875, 16.4, 40], [3755, 14, 10], [1937, 14, 30], [2370, 13, 40], [2070, 18.6, 40], [4312, 8.5, 10], [2254, 23.5, 20], [4638, 16, 10], [3158, 19.5, 20], [3620, 18.7, 20], [2144, 14.7, 40], [4440, 14, 20], [4215, 12.8, 10], [3425, 16.9, 20], [2200, 13.2, 30], [2265, 15.2, 30], [2542, 17, 30], [4464, 11.5, 10], [2711, 15.5, 30], [4141, 14, 20], [2565, 13.6, 30], [2670, 16, 30], [2155, 16.4, 30], [4457, 13.5, 10], [3221, 13.5, 20], [3150, 15.7, 20], [2279, 19, 20], [3530, 20.1, 30], [2074, 19.5, 30], [3504, 12, 20], [3725, 13.4, 20], [2830, 15.9, 20], [2190, 14.1, 30], [2575, 16.2, 30], [2525, 16, 30]]
3. most [[2130, 24.6, 40]]
4: rand [3264.5, 14.925, 22.5]
5: mid [2311.373134328358, 16.564676616915428, 29.45273631840796]
6: top: []
4: rand [2981.2, 14.88, 26.0]
5: mid [2311.373134328358, 16.564676616915428, 29.45273631840796]
6: top: [[2335, 23.7, 40]]
4: rand [3514.0, 15.049999999999999, 16.666666666666668]
5: mid [2311.373134328358, 16.564676616915428, 29.45273631840796]
6: top: [[2335, 23.7, 40]]
4: rand [2648.0, 16.014285714285716, 27.142857142857142]
5: mid [2315.356783919598, 16.546231155778894, 29.396984924623116]
6: top: [[2335, 23.7, 40]]
4: rand [2855.875, 15.187500000000002, 26.25]
5: mid [2315.4848484848485, 16.543939393939397, 29.393939393939394]
6: top: [[2335, 23.7, 40]]
4: rand [3464.5555555555557, 15.52222222222222, 20.0]
5: mid [2315.791878172589, 16.53807106598985, 29.390862944162436]
6: top: [[2335, 23.7, 40]]
4: rand [2827.9, 16.240000000000002, 26.0]
5: mid [2317.5051020408164, 16.544387755102044, 29.336734693877553]
6: top: [[2335, 23.7, 40]]
4: rand [3236.0, 15.172727272727274, 22.727272727272727]
5: mid [2319.774358974359, 16.545128205128208, 29.28205128205128]
6: top: [[2335, 23.7, 40]]
4: rand [2934.4166666666665, 15.174999999999999, 23.333333333333332]
5: mid [2319.774358974359, 16.545128205128208, 29.28205128205128]
6: top: [[2335, 23.7, 40]]
4: rand [2745.923076923077, 15.66923076923077, 26.923076923076923]
5: mid [2322.278350515464, 16.532474226804126, 29.278350515463917]
6: top: [[2335, 23.7, 40]]
4: rand [2604.5714285714284, 16.364285714285714, 27.142857142857142]
5: mid [2322.1347150259066, 16.531088082901555, 29.27461139896373]
6: top: [[2335, 23.7, 40]]
4: rand [3171.2, 15.020000000000001, 22.666666666666668]
5: mid [2322.549738219895, 16.550261780104712, 29.267015706806284]
6: top: [[2335, 23.7, 40]]
4: rand [2902.5, 15.431249999999999, 23.125]
5: mid [2321.2736842105264, 16.56578947368421, 29.263157894736842]
6: top: [[2335, 23.7, 40]]
4: rand [2764.529411764706, 15.45294117647059, 25.294117647058822]
5: mid [2323.521276595745, 16.58563829787234, 29.25531914893617]
6: top: [[2335, 23.7, 40]]
4: rand [2788.222222222222, 15.266666666666667, 27.22222222222222]
5: mid [2323.521276595745, 16.58563829787234, 29.25531914893617]
6: top: [[2335, 23.7, 40]]
4: rand [3022.9473684210525, 15.536842105263156, 23.157894736842106]
5: mid [2324.6666666666665, 16.573655913978495, 29.301075268817204]
6: top: [[2335, 23.7, 40]]
1. top6 [[2720, 13.5, 20], [3781, 17, 20], [2635, 18.3, 30], [4633, 11, 10], [3365, 15.5, 20], [1834, 19, 30]]
2. top50 [[2720, 13.5, 20], [3781, 17, 20], [2635, 18.3, 30], [4633, 11, 10], [3365, 15.5, 20], [1834, 19, 30], [4955, 11.5, 10], [2405, 14.9, 20], [2665, 13.9, 30], [4335, 14.5, 20], [5140, 12, 10], [3459, 16, 20], [3015, 17, 40], [2395, 18, 30], [2560, 14.2, 30], [1845, 15.3, 30], [4498, 14.5, 20], [3086, 10, 10], [2408, 19, 20], [2125, 14.5, 30], [3432, 21, 20], [2868, 15.5, 20], [4215, 13, 20], [3439, 15.5, 20], [4098, 14, 10], [2254, 23.5, 20], [3525, 19, 20], [3725, 19, 30], [3265, 18.2, 20], [3840, 15.4, 20], [2542, 17.5, 30], [2865, 16.4, 20], [3380, 15.8, 20], [4295, 14.9, 20], [2740, 16, 20], [4154, 13.5, 10], [2615, 14.8, 30], [2046, 19, 30], [2379, 16.5, 20], [2945, 14.5, 20], [3233, 15.4, 20], [4380, 12.1, 20], [2639, 17, 20], [2220, 14, 20], [3693, 11.5, 20], [2035, 22.2, 30], [2145, 18, 30], [1613, 18, 40], [2228, 14, 30], [4668, 11.5, 20]]
3. most [[2130, 24.6, 40]]
4: rand [2442.25, 15.375, 30.0]
5: mid [2478.3793103448274, 16.375172413793106, 30.137931034482758]
6: top: []
4: rand [2215.4, 16.34, 28.0]
5: mid [2928.540682414698, 15.63412073490813, 24.1994750656168]
6: top: [[2085, 21.7, 40]]
4: rand [3204.1666666666665, 15.716666666666667, 23.333333333333332]
5: mid [2496.4274809160306, 16.47442748091603, 27.709923664122137]
6: top: [[2085, 21.7, 40]]
4: rand [2465.5714285714284, 16.97142857142857, 31.428571428571427]
5: mid [2365.0896860986545, 16.39147982062781, 28.923766816143498]
6: top: [[2085, 21.7, 40]]
4: rand [2546.375, 17.05, 28.75]
5: mid [2360.0272727272727, 16.41954545454546, 29.045454545454547]
6: top: [[2085, 21.7, 40]]
4: rand [2931.8888888888887, 14.788888888888888, 24.444444444444443]
5: mid [2352.0185185185187, 16.465277777777782, 29.12037037037037]
6: top: [[2085, 21.7, 40]]
4: rand [3072.3, 14.650000000000002, 25.0]
5: mid [2354.753488372093, 16.448837209302333, 29.11627906976744]
6: top: [[2085, 21.7, 40]]
4: rand [2812.818181818182, 16.10909090909091, 22.727272727272727]
5: mid [2341.9142857142856, 16.51476190476191, 29.238095238095237]
6: top: [[2085, 21.7, 40]]
4: rand [2550.9166666666665, 15.633333333333333, 26.666666666666668]
5: mid [2356.568075117371, 16.4755868544601, 29.107981220657276]
6: top: [[2085, 21.7, 40]]
4: rand [3079.4615384615386, 16.3, 21.53846153846154]
5: mid [2354.004716981132, 16.493867924528306, 29.10377358490566]
6: top: [[2085, 21.7, 40]]
4: rand [2896.714285714286, 15.657142857142857, 25.0]
5: mid [2346.942028985507, 16.562801932367158, 29.22705314009662]
6: top: [[2085, 21.7, 40]]
4: rand [2735.6666666666665, 16.44, 26.0]
5: mid [2362.720238095238, 16.47440476190477, 30.0]
6: top: [[2085, 21.7, 40]]
4: rand [3011.125, 14.99375, 24.375]
5: mid [2376.5986842105262, 16.406578947368427, 30.460526315789473]
6: top: [[2085, 21.7, 40]]
4: rand [3086.8823529411766, 16.441176470588236, 23.529411764705884]
5: mid [2377.8344370860927, 16.42119205298014, 30.4635761589404]
6: top: [[2085, 21.7, 40]]
4: rand [3023.277777777778, 15.122222222222225, 24.444444444444443]
5: mid [2369.195945945946, 16.488513513513517, 30.54054054054054]
6: top: [[2085, 21.7, 40]]
4: rand [3216.5789473684213, 15.81578947368421, 21.57894736842105]
5: mid [2371.4295302013425, 16.46845637583893, 30.469798657718123]
6: top: [[2085, 21.7, 40]]
1. top6 [[3139, 14.5, 20], [2074, 19.5, 30], [2108, 15.5, 20], [1980, 15.3, 40], [3288, 15.5, 20], [3221, 13.5, 20]]
2. top50 [[3139, 14.5, 20], [2074, 19.5, 30], [2108, 15.5, 20], [1980, 15.3, 40], [3288, 15.5, 20], [3221, 13.5, 20], [4363, 13, 10], [2310, 18.5, 20], [4440, 14, 20], [3645, 16.2, 20], [2635, 18.3, 30], [3651, 17.7, 20], [2511, 18, 20], [3735, 13.2, 20], [2984, 14.5, 20], [3425, 13.2, 20], [2405, 14.9, 20], [4382, 13.5, 10], [2126, 17, 30], [2130, 14.7, 40], [4129, 13, 10], [3211, 17, 20], [3672, 11.5, 10], [2223, 16.5, 30], [3777, 12.5, 20], [2085, 21.7, 40], [2720, 15.4, 30], [3193, 17.8, 20], [4952, 11.5, 10], [2835, 14.7, 20], [2711, 15.5, 30], [2585, 14.5, 30], [2189, 18, 30], [2795, 15.7, 20], [4257, 15.5, 10], [1867, 19.5, 30], [4237, 14.5, 10], [2215, 14.9, 30], [2000, 16, 30], [2904, 16, 20], [4080, 13.7, 20], [2391, 15.5, 30], [3140, 13.6, 20], [4274, 12, 10], [2910, 11.4, 30], [1613, 18, 40], [4098, 14, 10], [3632, 18, 20], [2125, 14.7, 40], [1925, 14, 30]]
3. most [[2130, 24.6, 40]]
4: rand [2944.5, 16.0, 22.5]
5: mid [3667.5699481865286, 14.452331606217617, 17.82383419689119]
6: top: []
4: rand [3076.0, 16.16, 26.0]
5: mid [3672.1458333333335, 14.449479166666668, 17.8125]
6: top: [[2265, 18.2, 30]]
4: rand [3036.0, 16.96666666666667, 21.666666666666668]
5: mid [3672.1458333333335, 14.449479166666668, 17.8125]
6: top: [[2265, 18.2, 30]]
4: rand [2249.714285714286, 16.82857142857143, 30.0]
5: mid [2307.650246305419, 16.57339901477833, 29.458128078817733]
6: top: [[2265, 18.2, 30]]
4: rand [2736.125, 15.25, 23.75]
5: mid [2330.5971223021584, 16.534532374100724, 31.07913669064748]
6: top: [[2265, 18.2, 30]]
4: rand [3200.777777777778, 16.044444444444444, 22.22222222222222]
5: mid [2297.5492227979275, 16.637823834196894, 29.637305699481864]
6: top: [[2265, 18.2, 30]]
4: rand [3048.2, 15.819999999999999, 24.0]
5: mid [2298.82722513089, 16.648691099476444, 29.63350785340314]
6: top: [[2265, 18.2, 30]]
4: rand [3029.7272727272725, 15.5, 22.727272727272727]
5: mid [2298.82722513089, 16.648691099476444, 29.63350785340314]
6: top: [[2265, 18.2, 30]]
4: rand [2694.75, 16.250000000000004, 25.0]
5: mid [2298.82722513089, 16.648691099476444, 29.63350785340314]
6: top: [[2265, 18.2, 30]]
4: rand [3400.923076923077, 14.73076923076923, 21.53846153846154]
5: mid [2298.82722513089, 16.648691099476444, 29.63350785340314]
6: top: [[2265, 18.2, 30]]
4: rand [3075.4285714285716, 15.842857142857143, 23.571428571428573]
5: mid [2299.7157894736843, 16.660000000000004, 29.63157894736842]
6: top: [[2265, 18.2, 30]]
4: rand [3234.2, 14.46, 23.333333333333332]
5: mid [2299.7157894736843, 16.660000000000004, 29.63157894736842]
6: top: [[2265, 18.2, 30]]
4: rand [2633.875, 16.706249999999997, 26.875]
5: mid [2299.7157894736843, 16.660000000000004, 29.63157894736842]
6: top: [[2265, 18.2, 30]]
4: rand [3090.6470588235293, 14.941176470588236, 22.352941176470587]
5: mid [2301.5661375661375, 16.647619047619052, 29.62962962962963]
6: top: [[2265, 18.2, 30]]
4: rand [3171.722222222222, 15.238888888888892, 21.666666666666668]
5: mid [2301.5661375661375, 16.647619047619052, 29.62962962962963]
6: top: [[2265, 18.2, 30]]
4: rand [3192.5789473684213, 15.53157894736842, 23.157894736842106]
5: mid [2302.0213903743315, 16.64491978609626, 29.67914438502674]
6: top: [[2265, 18.2, 30]]
1. top6 [[3190, 24.8, 30], [4294, 16, 10], [4457, 13.5, 10], [2223, 16.5, 30], [2795, 15.7, 20], [2615, 14.8, 30]]
2. top50 [[3190, 24.8, 30], [4294, 16, 10], [4457, 13.5, 10], [2223, 16.5, 30], [2795, 15.7, 20], [2615, 14.8, 30], [2265, 15.5, 30], [3086, 10, 10], [2372, 15, 20], [1940, 14.5, 30], [4154, 13.5, 10], [2401, 19.5, 20], [3432, 21, 20], [2500, 15.1, 40], [4376, 15, 10], [1990, 14.9, 30], [2220, 16.9, 30], [4278, 9.5, 20], [3725, 13.4, 20], [2395, 18, 30], [2125, 17.3, 40], [3415, 15.8, 20], [2865, 16.4, 20], [3820, 16.7, 20], [4190, 13, 20], [2408, 19.5, 20], [2045, 16.2, 30], [2065, 14.5, 30], [3840, 15.4, 20], [4215, 13, 20], [2110, 19.2, 40], [2188, 15.8, 30], [1980, 15.3, 40], [2330, 13.5, 20], [2379, 16.5, 20], [2870, 18.1, 30], [3221, 13.5, 20], [3897, 18.5, 20], [3465, 16.6, 20], [4633, 11, 10], [4997, 14, 10], [1825, 18.6, 40], [2945, 14.5, 20], [4732, 18.5, 10], [3410, 15.1, 20], [1825, 12.2, 30], [2215, 14.9, 30], [2130, 24.6, 40], [1985, 16.4, 30], [4335, 14.5, 20]]
3. most [[2130, 24.6, 40]]
4: rand [2542.75, 15.775, 27.5]
5: mid [2138.3333333333335, 16.658333333333335, 32.5]
6: top: []
4: rand [2994.8, 15.2, 20.0]
5: mid [2327.6516129032257, 16.540645161290325, 30.451612903225808]
6: top: [[1755, 16.9, 40]]
4: rand [3012.5, 17.3, 26.666666666666668]
5: mid [2326.2597402597403, 16.53766233766234, 30.454545454545453]
6: top: [[1755, 16.9, 40]]
4: rand [2702.8571428571427, 15.385714285714284, 22.857142857142858]
5: mid [2343.021739130435, 16.545652173913044, 30.652173913043477]
6: top: [[1755, 16.9, 40]]
4: rand [3366.375, 14.625000000000002, 22.5]
5: mid [2343.021739130435, 16.545652173913044, 30.652173913043477]
6: top: [[1755, 16.9, 40]]
4: rand [2793.222222222222, 14.577777777777776, 25.555555555555557]
5: mid [2340.345588235294, 16.522794117647063, 30.58823529411765]
6: top: [[1755, 16.9, 40]]
4: rand [2726.1, 16.860000000000003, 25.0]
5: mid [2328.457142857143, 16.606285714285715, 29.37142857142857]
6: top: [[1755, 16.9, 40]]
4: rand [2872.818181818182, 16.154545454545453, 21.818181818181817]
5: mid [2327.1098265895953, 16.61445086705202, 29.36416184971098]
6: top: [[1755, 16.9, 40]]
4: rand [3556.9166666666665, 15.4, 19.166666666666668]
5: mid [2327.267441860465, 16.62674418604651, 29.36046511627907]
6: top: [[1755, 16.9, 40]]
4: rand [2824.230769230769, 15.176923076923076, 23.846153846153847]
5: mid [2328.2176470588233, 16.58, 29.352941176470587]
6: top: [[1755, 16.9, 40]]
4: rand [3365.214285714286, 14.778571428571427, 20.714285714285715]
5: mid [2326.9526627218934, 16.57455621301775, 29.349112426035504]
6: top: [[1755, 16.9, 40]]
4: rand [2947.6, 15.819999999999999, 23.333333333333332]
5: mid [2340.5038759689924, 16.492248062015506, 30.46511627906977]
6: top: [[1755, 16.9, 40]]
4: rand [2837.375, 16.5875, 23.75]
5: mid [2322.686956521739, 16.549565217391308, 31.130434782608695]
6: top: [[1755, 16.9, 40]]
4: rand [2670.3529411764707, 15.1, 27.058823529411764]
5: mid [2332.896, 16.462400000000006, 30.72]
6: top: [[1755, 16.9, 40]]
4: rand [2948.0, 16.011111111111113, 26.11111111111111]
5: mid [2329.4919354838707, 16.467741935483875, 30.725806451612904]
6: top: [[1755, 16.9, 40]]
4: rand [2671.6315789473683, 16.168421052631583, 24.210526315789473]
5: mid [2330.357723577236, 16.467479674796753, 30.73170731707317]
6: top: [[1755, 16.9, 40]]
1. top6 [[3035, 20.5, 20], [2300, 14.7, 30], [2035, 22.2, 30], [2870, 18.1, 30], [2130, 14.5, 30], [4498, 14.5, 20]]
2. top50 [[3035, 20.5, 20], [2300, 14.7, 30], [2035, 22.2, 30], [2870, 18.1, 30], [2130, 14.5, 30], [4498, 14.5, 20], [3850, 8.5, 20], [2634, 13, 20], [3270, 21.9, 20], [3735, 13.2, 20], [2219, 16.5, 30], [3609, 8, 10], [2150, 14.9, 30], [2246, 14, 30], [1825, 12.2, 30], [3755, 14, 10], [2155, 16.4, 30], [1760, 16.1, 40], [2408, 19.5, 20], [1755, 16.9, 40], [4294, 16, 10], [1850, 13.8, 40], [2945, 16, 20], [2625, 18.6, 30], [2720, 15.4, 30], [4952, 11.5, 10], [3193, 17.8, 20], [1970, 17.6, 30], [2046, 19, 30], [3962, 13.9, 20], [4385, 12, 10], [4440, 14, 20], [2395, 16, 20], [3725, 19, 30], [3781, 17, 20], [2130, 14.5, 30], [2556, 13.2, 30], [3021, 16.5, 20], [4209, 12, 10], [3432, 21, 20], [2189, 18, 30], [2490, 15.7, 30], [2890, 17.3, 20], [1980, 15.3, 40], [2171, 16, 30], [3504, 12, 20], [4363, 13, 10], [4215, 13, 20], [2350, 16.8, 30], [2930, 15.5, 20]]
3. most [[2130, 24.6, 40]]
4: rand [2045.5, 16.575000000000003, 37.5]
5: mid [2305.509900990099, 16.592574257425746, 29.554455445544555]
6: top: []
4: rand [2891.4, 16.36, 24.0]
5: mid [2304.385, 16.587, 29.55]
6: top: [[2255, 17.7, 30]]
4: rand [2808.8333333333335, 16.916666666666668, 26.666666666666668]
5: mid [2297.1128205128207, 16.63230769230769, 29.58974358974359]
6: top: [[2255, 17.7, 30]]
4: rand [3436.1428571428573, 14.442857142857145, 21.428571428571427]
5: mid [2296.6907216494847, 16.63298969072165, 29.63917525773196]
6: top: [[2255, 17.7, 30]]
4: rand [3095.875, 16.825, 21.25]
5: mid [2293.1554404145077, 16.61813471502591, 29.689119170984455]
6: top: [[2255, 17.7, 30]]
4: rand [2355.0, 16.688888888888886, 26.666666666666668]
5: mid [2291.5572916666665, 16.63802083333334, 29.739583333333332]
6: top: [[2255, 17.7, 30]]
4: rand [2965.1, 15.330000000000002, 23.0]
5: mid [2296.082474226804, 16.624226804123712, 29.742268041237114]
6: top: [[2255, 17.7, 30]]
4: rand [2706.3636363636365, 15.6, 24.545454545454547]
5: mid [2296.082474226804, 16.624226804123712, 29.742268041237114]
6: top: [[2255, 17.7, 30]]
4: rand [2817.9166666666665, 17.025000000000002, 26.666666666666668]
5: mid [2296.082474226804, 16.624226804123712, 29.742268041237114]
6: top: [[2255, 17.7, 30]]
4: rand [3146.0, 13.823076923076922, 24.615384615384617]
5: mid [2263.27374301676, 16.61955307262571, 30.05586592178771]
6: top: [[2255, 17.7, 30]]
4: rand [2494.3571428571427, 17.22142857142857, 27.142857142857142]
5: mid [2263.27374301676, 16.61955307262571, 30.05586592178771]
6: top: [[2255, 17.7, 30]]
4: rand [2813.6, 15.773333333333333, 25.333333333333332]
5: mid [2265.6853932584268, 16.60617977528091, 30.0561797752809]
6: top: [[2255, 17.7, 30]]
4: rand [2916.0625, 15.78125, 23.125]
5: mid [2265.6853932584268, 16.60617977528091, 30.0561797752809]
6: top: [[2255, 17.7, 30]]
4: rand [2488.5882352941176, 15.617647058823529, 28.235294117647058]
5: mid [2242.940828402367, 16.46094674556214, 30.17751479289941]
6: top: [[2255, 17.7, 30]]
4: rand [2445.9444444444443, 15.755555555555553, 28.88888888888889]
5: mid [2243.9117647058824, 16.478823529411777, 30.11764705882353]
6: top: [[2255, 17.7, 30]]
4: rand [3054.7368421052633, 15.621052631578948, 21.57894736842105]
5: mid [2241.248520710059, 16.48757396449705, 30.17751479289941]
6: top: [[2255, 17.7, 30]]
1. top6 [[2155, 16.4, 30], [2202, 15.3, 30], [3520, 16.4, 20], [4042, 14.5, 10], [2155, 16.5, 30], [4165, 11.4, 20]]
2. top50 [[2155, 16.4, 30], [2202, 15.3, 30], [3520, 16.4, 20], [4042, 14.5, 10], [2155, 16.5, 30], [4165, 11.4, 20], [3425, 13.2, 20], [2189, 18, 30], [2833, 15.5, 20], [2904, 16, 20], [3574, 21, 20], [2205, 14.5, 40], [2408, 19, 20], [4457, 13.5, 10], [2372, 15, 20], [4955, 11.5, 10], [2489, 15, 20], [4382, 13.5, 10], [2020, 19.2, 30], [1980, 15.3, 40], [2835, 14.7, 20], [1834, 19, 30], [3840, 15.4, 20], [4906, 12.5, 10], [3302, 15.5, 20], [3570, 12.8, 20], [3158, 19.5, 20], [3410, 15.1, 20], [3060, 17.1, 20], [3609, 8, 10], [2945, 16.4, 30], [2560, 14.2, 30], [2045, 16.2, 30], [3439, 15.5, 20], [2910, 11.4, 30], [3785, 19, 20], [2875, 17, 20], [3504, 12, 20], [3563, 10, 20], [2870, 18.1, 30], [1755, 16.9, 40], [2075, 15.9, 30], [1945, 16.8, 30], [2223, 16.5, 30], [1845, 15.3, 30], [2933, 14.5, 20], [3169, 12, 10], [2774, 15.5, 20], [3880, 12.5, 20], [2665, 13.9, 30]]
3. most [[2130, 24.6, 40]]
4: rand [3566.5, 14.5, 17.5]
5: mid [2308.5643564356437, 16.623762376237625, 29.504950495049506]
6: top: []
4: rand [2630.6, 14.9, 26.0]
5: mid [2431.7950819672133, 16.460655737704915, 28.15573770491803]
6: top: [[2300, 14.7, 30]]
4: rand [2795.3333333333335, 16.3, 23.333333333333332]
5: mid [2393.448717948718, 16.433333333333334, 28.46153846153846]
6: top: [[2300, 14.7, 30]]
4: rand [3554.8571428571427, 13.842857142857143, 21.428571428571427]
5: mid [2313.718592964824, 16.62814070351759, 29.396984924623116]
6: top: [[2300, 14.7, 30]]
4: rand [2606.0, 16.6625, 28.75]
5: mid [2311.4467005076144, 16.649746192893403, 29.441624365482234]
6: top: [[2300, 14.7, 30]]
4: rand [2953.777777777778, 14.455555555555557, 23.333333333333332]
5: mid [2311.4467005076144, 16.649746192893403, 29.441624365482234]
6: top: [[2300, 14.7, 30]]
4: rand [2817.3, 16.65, 26.0]
5: mid [2306.5561224489797, 16.622959183673473, 29.489795918367346]
6: top: [[2300, 14.7, 30]]
4: rand [2536.0, 14.909090909090907, 26.363636363636363]
5: mid [2307.6153846153848, 16.623589743589747, 29.487179487179485]
6: top: [[2300, 14.7, 30]]
4: rand [3279.1666666666665, 15.125, 20.0]
5: mid [2305.90206185567, 16.613402061855673, 29.484536082474225]
6: top: [[2300, 14.7, 30]]
4: rand [2650.230769230769, 15.853846153846153, 27.692307692307693]
5: mid [2304.8802083333335, 16.572395833333335, 29.427083333333332]
6: top: [[2300, 14.7, 30]]
4: rand [3165.4285714285716, 15.2, 21.428571428571427]
5: mid [2304.8802083333335, 16.572395833333335, 29.427083333333332]
6: top: [[2300, 14.7, 30]]
4: rand [3025.3333333333335, 14.913333333333332, 23.333333333333332]
5: mid [2304.8802083333335, 16.572395833333335, 29.427083333333332]
6: top: [[2300, 14.7, 30]]
4: rand [2922.875, 15.875, 25.0]
5: mid [2304.8802083333335, 16.572395833333335, 29.427083333333332]
6: top: [[2300, 14.7, 30]]
4: rand [2607.0588235294117, 16.694117647058825, 25.294117647058822]
5: mid [2306.869109947644, 16.585863874345552, 29.42408376963351]
6: top: [[2300, 14.7, 30]]
4: rand [2905.1111111111113, 15.677777777777777, 23.88888888888889]
5: mid [2306.5105263157893, 16.58105263157895, 29.42105263157895]
6: top: [[2300, 14.7, 30]]
4: rand [3079.4736842105262, 15.905263157894737, 24.210526315789473]
5: mid [2303.4232804232806, 16.57724867724868, 29.47089947089947]
6: top: [[2300, 14.7, 30]]
1. top6 [[3436, 11, 20], [4502, 13.5, 10], [3021, 16.5, 20], [2164, 22.1, 20], [1950, 19, 30], [3664, 11, 10]]
2. top50 [[3436, 11, 20], [4502, 13.5, 10], [3021, 16.5, 20], [2164, 22.1, 20], [1950, 19, 30], [3664, 11, 10], [4668, 11.5, 20], [3430, 17.2, 20], [3672, 11.5, 10], [2155, 14.8, 30], [2135, 16.6, 30], [2295, 11.6, 30], [3445, 13.4, 20], [1937, 14, 30], [2910, 11.4, 30], [2300, 15.5, 30], [2130, 14.5, 30], [2150, 14.9, 30], [2933, 14.5, 20], [3785, 19, 20], [3439, 15.5, 20], [1755, 16.9, 40], [2110, 17.9, 50], [2592, 18.5, 20], [2255, 17.7, 30], [2790, 15.6, 30], [2065, 17.8, 30], [2800, 14.4, 30], [4154, 13.5, 10], [2035, 22.2, 30], [1835, 17.3, 40], [2408, 19, 20], [2585, 14.5, 30], [3060, 17.1, 20], [2945, 16, 20], [3693, 11.5, 20], [3632, 18, 20], [3821, 11, 10], [3940, 13, 20], [2020, 19.2, 30], [2560, 14.2, 30], [2045, 16.2, 30], [2464, 15.5, 30], [3155, 18.2, 20], [2228, 14, 30], [1937, 14.2, 30], [2350, 16.8, 30], [1825, 18.6, 40], [2930, 15.5, 20], [2405, 14.9, 20]]
3. most [[2130, 24.6, 40]]
4: rand [3165.75, 14.750000000000002, 22.5]
5: mid [2587.5381526104416, 16.488755020080312, 27.429718875502008]
6: top: []
4: rand [2511.6, 15.5, 26.0]
5: mid [2570.0103448275863, 16.454137931034474, 27.03448275862069]
6: top: [[2164, 22.1, 20]]
4: rand [2964.3333333333335, 17.76666666666667, 28.333333333333332]
5: mid [2535.7572463768115, 16.46485507246376, 27.355072463768117]
6: top: [[2164, 22.1, 20]]
4: rand [3078.0, 16.271428571428572, 22.857142857142858]
5: mid [2301.3585858585857, 16.56565656565656, 29.696969696969695]
6: top: [[2164, 22.1, 20]]
4: rand [2899.75, 16.775, 22.5]
5: mid [2301.3585858585857, 16.56565656565656, 29.696969696969695]
6: top: [[2164, 22.1, 20]]
4: rand [3468.1111111111113, 15.38888888888889, 18.88888888888889]
5: mid [2301.3585858585857, 16.56565656565656, 29.696969696969695]
6: top: [[2164, 22.1, 20]]
4: rand [3054.3, 16.48, 26.0]
5: mid [2396.1310043668122, 16.395633187772923, 28.689956331877728]
6: top: [[2164, 22.1, 20]]
4: rand [2622.7272727272725, 17.2, 26.363636363636363]
5: mid [2396.1310043668122, 16.395633187772923, 28.689956331877728]
6: top: [[2164, 22.1, 20]]
4: rand [3558.3333333333335, 14.683333333333332, 20.0]
5: mid [2400.410480349345, 16.395196506550214, 28.646288209606986]
6: top: [[2164, 22.1, 20]]
4: rand [3162.076923076923, 14.892307692307693, 21.53846153846154]
5: mid [2305.139175257732, 16.56443298969072, 29.690721649484537]
6: top: [[2164, 22.1, 20]]
4: rand [2828.0, 15.628571428571428, 24.285714285714285]
5: mid [2305.139175257732, 16.56443298969072, 29.690721649484537]
6: top: [[2164, 22.1, 20]]
4: rand [2988.133333333333, 15.053333333333335, 24.666666666666668]
5: mid [2305.139175257732, 16.56443298969072, 29.690721649484537]
6: top: [[2164, 22.1, 20]]
4: rand [3065.375, 14.8875, 25.0]
5: mid [2306.4114583333335, 16.555729166666662, 29.6875]
6: top: [[2164, 22.1, 20]]
4: rand [3082.0, 15.605882352941178, 22.941176470588236]
5: mid [2305.7643979057593, 16.566492146596854, 29.73821989528796]
6: top: [[2164, 22.1, 20]]
4: rand [2840.9444444444443, 16.005555555555556, 24.444444444444443]
5: mid [2309.221052631579, 16.566842105263156, 29.736842105263158]
6: top: [[2164, 22.1, 20]]
4: rand [3156.157894736842, 13.794736842105264, 23.68421052631579]
5: mid [2304.3492063492063, 16.546560846560844, 29.735449735449734]
6: top: [[2164, 22.1, 20]]
1. top6 [[2990, 18.2, 20], [2725, 12.6, 20], [2678, 16.5, 30], [2556, 13.2, 30], [3282, 15, 20], [3302, 15.5, 20]]
2. top50 [[2990, 18.2, 20], [2725, 12.6, 20], [2678, 16.5, 30], [2556, 13.2, 30], [3282, 15, 20], [3302, 15.5, 20], [2434, 15, 40], [4215, 13, 20], [3645, 16.2, 20], [2150, 14.9, 30], [2110, 19.2, 40], [3955, 13.2, 20], [2335, 23.7, 40], [2464, 15.5, 30], [3892, 12.5, 20], [1975, 15.2, 30], [4955, 11.5, 10], [2582, 14, 20], [2500, 15.1, 40], [2019, 16.4, 40], [3399, 11, 20], [2670, 15, 30], [2542, 17, 30], [2670, 16, 30], [2126, 17, 30], [3785, 19, 20], [3121, 16.5, 20], [2720, 19.4, 30], [2600, 12.8, 20], [4295, 14.9, 20], [4042, 14.5, 10], [4077, 14, 10], [1940, 14.5, 30], [2979, 19.5, 20], [2868, 15.5, 20], [1925, 14, 30], [2220, 16.9, 30], [4257, 15.5, 10], [3193, 17.8, 20], [4464, 12, 10], [2045, 18.5, 30], [2171, 16, 30], [2108, 15.5, 20], [2264, 15.5, 30], [4140, 13.7, 20], [2202, 15.3, 30], [2795, 15.7, 20], [3535, 19.2, 20], [4215, 12.8, 10], [2215, 14.9, 30]]
3. most [[2130, 24.6, 40]]
4: rand [3080.0, 13.0, 25.0]
5: mid [2303.715736040609, 16.637055837563455, 29.492385786802032]
6: top: []
4: rand [2443.2, 14.98, 26.0]
5: mid [2312.235, 16.604500000000005, 29.45]
6: top: [[2046, 19, 30]]
4: rand [2799.1666666666665, 16.016666666666666, 26.666666666666668]
5: mid [2314.683417085427, 16.626633165829148, 29.44723618090452]
6: top: [[2046, 19, 30]]
4: rand [2683.1428571428573, 14.72857142857143, 27.142857142857142]
5: mid [2274.5824175824177, 16.61758241758242, 29.67032967032967]
6: top: [[2046, 19, 30]]
4: rand [3124.75, 14.775, 21.25]
5: mid [2274.828729281768, 16.629281767955803, 29.668508287292816]
6: top: [[2046, 19, 30]]
4: rand [2786.5555555555557, 17.311111111111114, 23.333333333333332]
5: mid [2274.828729281768, 16.629281767955803, 29.668508287292816]
6: top: [[2046, 19, 30]]
4: rand [2672.2, 16.14, 29.0]
5: mid [2284.0164835164837, 16.630769230769236, 29.615384615384617]
6: top: [[2046, 19, 30]]
4: rand [2608.181818181818, 15.090909090909092, 29.09090909090909]
5: mid [2284.3259668508285, 16.645303867403317, 29.613259668508288]
6: top: [[2046, 19, 30]]
4: rand [3095.0833333333335, 15.225, 23.333333333333332]
5: mid [2284.3259668508285, 16.645303867403317, 29.613259668508288]
6: top: [[2046, 19, 30]]
4: rand [2838.6923076923076, 15.46923076923077, 24.615384615384617]
5: mid [2286.564245810056, 16.645251396648046, 29.608938547486034]
6: top: [[2046, 19, 30]]
4: rand [3007.0714285714284, 15.385714285714286, 26.428571428571427]
5: mid [2286.9774011299437, 16.64858757062147, 29.661016949152543]
6: top: [[2046, 19, 30]]
4: rand [3361.6, 15.633333333333331, 20.666666666666668]
5: mid [2286.9774011299437, 16.64858757062147, 29.661016949152543]
6: top: [[2046, 19, 30]]
4: rand [3126.75, 15.23125, 21.25]
5: mid [2285.52, 16.64857142857143, 29.65714285714286]
6: top: [[2046, 19, 30]]
4: rand [2715.3529411764707, 16.51764705882353, 25.88235294117647]
5: mid [2276.546511627907, 16.60872093023256, 29.767441860465116]
6: top: [[2046, 19, 30]]
4: rand [3138.3333333333335, 15.511111111111111, 23.333333333333332]
5: mid [2278.4561403508774, 16.594736842105263, 29.76608187134503]
6: top: [[2046, 19, 30]]
4: rand [3004.5263157894738, 14.93157894736842, 22.63157894736842]
5: mid [2280.1823529411763, 16.59588235294118, 29.764705882352942]
6: top: [[2046, 19, 30]]
1. top6 [[2144, 14.7, 40], [2145, 18, 30], [4274, 12, 10], [2511, 18, 20], [2188, 15.8, 30], [1990, 17, 30]]
2. top50 [[2144, 14.7, 40], [2145, 18, 30], [4274, 12, 10], [2511, 18, 20], [2188, 15.8, 30], [1990, 17, 30], [2815, 14.5, 20], [4464, 11.5, 10], [4425, 10, 10], [2310, 18.5, 20], [2051, 17, 30], [2464, 15.5, 30], [2830, 15.9, 20], [2158, 15.5, 20], [3892, 12.5, 20], [2500, 15.1, 40], [3140, 13.6, 20], [4380, 12.1, 20], [3425, 13.2, 20], [3302, 15.5, 20], [3940, 13.2, 10], [2515, 14.8, 20], [2155, 14.8, 30], [2640, 18.6, 30], [4360, 14.9, 20], [1835, 17.3, 40], [2962, 13.5, 20], [2900, 12.6, 30], [1985, 21.5, 40], [2807, 13.5, 20], [2560, 14.2, 30], [3410, 15.8, 20], [3672, 11.5, 20], [3445, 13.4, 20], [2506, 14.5, 20], [2300, 15.5, 30], [4354, 9, 10], [3570, 12.8, 20], [1760, 16.1, 40], [2215, 14.9, 30], [2200, 13.2, 30], [2720, 15.4, 30], [2125, 14.5, 30], [1867, 19.5, 30], [3425, 16.9, 20], [4341, 10, 20], [2230, 14.5, 30], [3158, 19.5, 20], [2130, 14.5, 30], [4129, 13, 10]]
3. most [[2130, 24.6, 40]]
4: rand [2544.75, 15.8, 25.0]
5: mid [2556.7097902097903, 16.51258741258741, 26.993006993006993]
6: top: []
4: rand [2680.4, 15.52, 28.0]
5: mid [2566.5807560137455, 16.484879725085907, 26.97594501718213]
6: top: [[2189, 18, 30]]
4: rand [3066.0, 15.166666666666666, 20.0]
5: mid [2548.23487544484, 16.503202846975093, 27.081850533807827]
6: top: [[2189, 18, 30]]
4: rand [2844.285714285714, 16.6, 24.285714285714285]
5: mid [2343.6372093023256, 16.538139534883722, 29.069767441860463]
6: top: [[2189, 18, 30]]
4: rand [2565.625, 16.1625, 27.5]
5: mid [2307.79, 16.593500000000002, 29.45]
6: top: [[2189, 18, 30]]
4: rand [3200.6666666666665, 14.299999999999999, 24.444444444444443]
5: mid [2307.79, 16.593500000000002, 29.45]
6: top: [[2189, 18, 30]]
4: rand [2898.5, 15.85, 23.0]
5: mid [2305.929648241206, 16.593969849246232, 29.44723618090452]
6: top: [[2189, 18, 30]]
4: rand [2603.181818181818, 16.727272727272727, 27.272727272727273]
5: mid [2303.838383838384, 16.600000000000005, 29.444444444444443]
6: top: [[2189, 18, 30]]
4: rand [3008.75, 16.849999999999998, 23.333333333333332]
5: mid [2300.5408163265306, 16.60714285714286, 29.489795918367346]
6: top: [[2189, 18, 30]]
4: rand [2893.5384615384614, 15.546153846153846, 22.307692307692307]
5: mid [2300.860824742268, 16.611855670103097, 29.484536082474225]
6: top: [[2189, 18, 30]]
4: rand [2811.3571428571427, 15.542857142857144, 24.285714285714285]
5: mid [2299.4922279792745, 16.627461139896376, 29.481865284974095]
6: top: [[2189, 18, 30]]
4: rand [2867.6666666666665, 16.053333333333335, 26.666666666666668]
5: mid [2297.7447916666665, 16.618750000000006, 29.479166666666668]
6: top: [[2189, 18, 30]]
4: rand [2889.625, 15.762500000000001, 24.375]
5: mid [2298.6315789473683, 16.63736842105264, 29.473684210526315]
6: top: [[2189, 18, 30]]
4: rand [2917.176470588235, 15.788235294117646, 27.058823529411764]
5: mid [2298.05291005291, 16.62222222222223, 29.523809523809526]
6: top: [[2189, 18, 30]]
4: rand [2889.0555555555557, 16.038888888888888, 23.333333333333332]
5: mid [2296.101063829787, 16.636702127659582, 29.52127659574468]
6: top: [[2189, 18, 30]]
4: rand [2972.7894736842104, 15.46842105263158, 23.157894736842106]
5: mid [2298.561497326203, 16.613368983957226, 29.518716577540108]
6: top: [[2189, 18, 30]]
1. top6 [[3632, 18, 20], [2640, 18.6, 30], [3329, 15.5, 20], [1985, 16, 30], [3955, 13.2, 20], [2125, 14.5, 30]]
2. top50 [[3632, 18, 20], [2640, 18.6, 30], [3329, 15.5, 20], [1985, 16, 30], [3955, 13.2, 20], [2125, 14.5, 30], [4440, 14, 20], [3520, 16.4, 20], [2020, 19.2, 30], [2506, 14.5, 20], [2725, 12.6, 20], [1990, 14.9, 30], [4654, 13, 10], [2045, 18.5, 30], [2126, 17, 30], [1963, 15.5, 30], [2110, 19.2, 40], [4042, 14.5, 10], [2740, 16, 20], [3530, 20.1, 30], [2648, 15, 20], [2905, 14.3, 20], [2025, 18.2, 40], [2385, 12.9, 30], [3613, 16.5, 20], [4054, 14.3, 20], [3504, 12, 20], [4457, 13.5, 10], [1925, 14, 30], [3840, 15.4, 20], [3012, 17.6, 20], [3672, 11.5, 10], [2870, 18.1, 30], [1985, 21.5, 40], [3630, 17.7, 20], [2625, 18.6, 30], [3820, 16.7, 20], [3015, 17, 40], [2830, 15.9, 20], [3892, 12.5, 20], [4080, 13.7, 20], [2833, 15.5, 20], [3962, 13.9, 20], [2671, 13.5, 30], [3605, 15, 20], [1795, 17.4, 30], [2379, 16.5, 20], [3245, 15.4, 20], [2408, 19.5, 20], [2515, 14.8, 20]]
3. most [[2130, 24.6, 40]]
4: rand [2837.25, 14.825, 25.0]
5: mid [2569.360544217687, 16.480272108843536, 26.972789115646258]
6: top: []
4: rand [3328.4, 16.4, 20.0]
5: mid [2566.4232081911264, 16.477815699658702, 26.996587030716725]
6: top: [[3021, 16.5, 20]]
4: rand [3065.5, 15.35, 25.0]
5: mid [2566.106529209622, 16.48969072164948, 27.010309278350515]
6: top: [[3021, 16.5, 20]]
4: rand [3193.714285714286, 13.642857142857142, 17.142857142857142]
5: mid [2404.731092436975, 16.393697478991587, 28.48739495798319]
6: top: [[3021, 16.5, 20]]
4: rand [2978.0, 16.450000000000003, 27.5]
5: mid [2308.955, 16.59999999999999, 29.55]
6: top: [[3021, 16.5, 20]]
4: rand [3200.6666666666665, 15.222222222222221, 22.22222222222222]
5: mid [2307.479797979798, 16.604545454545445, 29.444444444444443]
6: top: [[3021, 16.5, 20]]
4: rand [2999.0, 16.07, 24.0]
5: mid [2304.188775510204, 16.58622448979591, 29.489795918367346]
6: top: [[3021, 16.5, 20]]
4: rand [3146.6363636363635, 15.299999999999999, 20.90909090909091]
5: mid [2055.5194805194806, 17.16103896103897, 32.20779220779221]
6: top: [[3021, 16.5, 20]]
4: rand [3206.4166666666665, 15.600000000000001, 21.666666666666668]
5: mid [2305.855670103093, 16.566494845360815, 29.432989690721648]
6: top: [[3021, 16.5, 20]]
4: rand [3002.769230769231, 15.823076923076924, 25.384615384615383]
5: mid [2302.2435233160622, 16.548186528497403, 29.481865284974095]
6: top: [[3021, 16.5, 20]]
4: rand [2679.285714285714, 16.678571428571427, 27.142857142857142]
5: mid [2302.2435233160622, 16.548186528497403, 29.481865284974095]
6: top: [[3021, 16.5, 20]]
4: rand [2619.9333333333334, 15.879999999999999, 27.333333333333332]
5: mid [2302.994764397906, 16.514136125654446, 29.476439790575917]
6: top: [[3021, 16.5, 20]]
4: rand [3317.125, 14.631249999999998, 21.875]
5: mid [2301.063157894737, 16.522105263157886, 29.473684210526315]
6: top: [[3021, 16.5, 20]]
4: rand [2958.8823529411766, 16.670588235294115, 25.294117647058822]
5: mid [2301.063157894737, 16.522105263157886, 29.473684210526315]
6: top: [[3021, 16.5, 20]]
4: rand [2774.277777777778, 15.894444444444442, 25.0]
5: mid [2298.6613756613756, 16.525925925925918, 29.47089947089947]
6: top: [[3021, 16.5, 20]]
4: rand [2876.684210526316, 15.81578947368421, 23.157894736842106]
5: mid [2298.6613756613756, 16.525925925925918, 29.47089947089947]
6: top: [[3021, 16.5, 20]]
1. top6 [[2135, 16.6, 30], [1800, 16.4, 40], [2901, 16, 20], [4746, 12, 10], [2910, 11.4, 30], [2930, 13.8, 20]]
2. top50 [[2135, 16.6, 30], [1800, 16.4, 40], [2901, 16, 20], [4746, 12, 10], [2910, 11.4, 30], [2930, 13.8, 20], [3955, 13.2, 20], [3459, 16, 20], [1915, 14.4, 40], [2979, 19.5, 20], [1975, 15.2, 30], [2279, 19, 20], [1963, 15.5, 30], [2110, 17.9, 50], [1835, 17.3, 40], [2246, 14, 30], [2395, 16, 20], [4080, 13.7, 20], [3672, 11.5, 10], [2070, 18.6, 40], [3193, 17.8, 20], [2265, 18.2, 30], [2045, 16.2, 30], [1955, 20.5, 30], [3302, 15.5, 20], [2265, 15.5, 30], [2625, 18.6, 30], [3730, 19, 20], [3535, 19.2, 20], [3139, 14.5, 20], [2164, 15, 30], [2990, 18.2, 20], [2660, 14, 20], [2725, 12.6, 20], [2945, 14.5, 20], [3725, 19, 30], [2144, 14.7, 40], [2511, 18, 20], [4325, 12.2, 20], [2933, 14.5, 20], [3781, 17, 20], [4077, 14, 10], [2310, 18.5, 20], [3445, 13.4, 20], [1990, 17, 30], [1950, 19, 30], [3755, 14, 10], [2003, 19, 30], [4735, 11, 10], [3278, 18, 20]]
3. most [[2130, 24.6, 40]]
4: rand [3099.0, 19.55, 25.0]
5: mid [2307.5940594059407, 16.586138613861387, 29.554455445544555]
6: top: []
4: rand [2864.2, 14.9, 22.0]
5: mid [2698.904605263158, 16.180592105263145, 26.414473684210527]
6: top: [[1834, 19, 30]]
4: rand [2992.8333333333335, 15.066666666666668, 25.0]
5: mid [2305.378787878788, 16.586363636363636, 29.545454545454547]
6: top: [[1834, 19, 30]]
4: rand [3139.4285714285716, 16.52857142857143, 25.714285714285715]
5: mid [2307.248730964467, 16.598477157360406, 29.543147208121827]
6: top: [[1834, 19, 30]]
4: rand [2549.25, 17.825, 30.0]
5: mid [2307.248730964467, 16.598477157360406, 29.543147208121827]
6: top: [[1834, 19, 30]]
4: rand [3005.3333333333335, 15.855555555555554, 24.444444444444443]
5: mid [2307.248730964467, 16.598477157360406, 29.543147208121827]
6: top: [[1834, 19, 30]]
4: rand [3070.6, 15.700000000000003, 23.0]
5: mid [2307.622448979592, 16.619387755102043, 29.540816326530614]
6: top: [[1834, 19, 30]]
4: rand [3234.181818181818, 14.70909090909091, 20.90909090909091]
5: mid [2373.8688524590166, 16.422404371584705, 29.726775956284154]
6: top: [[1834, 19, 30]]
4: rand [2703.4166666666665, 16.23333333333333, 22.5]
5: mid [2370.054054054054, 16.441081081081084, 29.675675675675677]
6: top: [[1834, 19, 30]]
4: rand [3032.5384615384614, 15.769230769230772, 23.076923076923077]
5: mid [2356.798941798942, 16.461904761904762, 29.735449735449734]
6: top: [[1834, 19, 30]]
4: rand [3106.714285714286, 15.357142857142858, 22.857142857142858]
5: mid [2273.508474576271, 16.632768361581928, 29.83050847457627]
6: top: [[1834, 19, 30]]
4: rand [3605.6, 15.366666666666667, 20.0]
5: mid [2301.316384180791, 16.523163841807914, 29.887005649717516]
6: top: [[1834, 19, 30]]
4: rand [2780.0625, 16.475, 26.25]
5: mid [2302.948275862069, 16.512068965517248, 29.942528735632184]
6: top: [[1834, 19, 30]]
4: rand [2890.470588235294, 16.123529411764704, 24.11764705882353]
5: mid [2299.290502793296, 16.558100558659223, 29.83240223463687]
6: top: [[1834, 19, 30]]
4: rand [2918.6111111111113, 15.649999999999999, 23.333333333333332]
5: mid [2315.340425531915, 16.645744680851067, 29.574468085106382]
6: top: [[1834, 19, 30]]
4: rand [2961.7368421052633, 15.942105263157893, 23.157894736842106]
5: mid [2317.4656084656085, 16.629100529100533, 29.576719576719576]
6: top: [[1834, 19, 30]]
1. top6 [[4385, 12, 10], [3962, 13.9, 20], [3840, 15.4, 20], [1965, 15.7, 30], [3525, 19, 20], [2245, 16.9, 30]]
2. top50 [[4385, 12, 10], [3962, 13.9, 20], [3840, 15.4, 20], [1965, 15.7, 30], [3525, 19, 20], [2245, 16.9, 30], [3360, 16.6, 20], [3664, 11, 10], [4732, 18.5, 10], [3821, 11, 10], [2220, 16.9, 30], [2310, 18.5, 20], [4135, 13.5, 20], [2490, 15.7, 30], [3632, 18, 20], [3205, 11.2, 20], [3420, 22.2, 20], [1995, 16.2, 40], [1980, 15.3, 40], [3003, 20.1, 20], [2774, 15.5, 20], [2380, 20.7, 30], [3086, 10, 10], [2694, 15, 20], [2200, 13.2, 30], [2070, 18.6, 40], [2264, 15.5, 30], [1970, 17.6, 30], [2190, 14.1, 30], [1985, 16, 30], [2725, 12.6, 20], [3430, 17.2, 20], [2790, 15.6, 30], [4735, 11, 10], [3012, 17.6, 20], [4657, 13.5, 10], [2702, 13.5, 20], [2395, 16, 20], [2046, 19, 30], [2155, 14.8, 30], [1755, 16.9, 40], [1975, 19.4, 40], [1940, 14.5, 30], [2979, 19.5, 20], [3563, 10, 20], [2190, 14.2, 30], [2405, 14.9, 20], [1834, 19, 30], [2234, 12.5, 30], [4380, 12.1, 20]]
3. most [[2130, 24.6, 40]]
4: rand [3119.75, 14.249999999999998, 22.5]
5: mid [2308.0346534653463, 16.596039603960396, 29.504950495049506]
6: top: []
4: rand [2907.6, 15.440000000000001, 22.0]
5: mid [2610.1328903654485, 16.40465116279069, 26.578073089700997]
6: top: [[2635, 18.3, 30]]
4: rand [3515.3333333333335, 15.0, 21.666666666666668]
5: mid [2639.6875, 16.303289473684202, 26.348684210526315]
6: top: [[2635, 18.3, 30]]
4: rand [3331.714285714286, 16.614285714285714, 20.0]
5: mid [2299.020202020202, 16.607070707070704, 29.545454545454547]
6: top: [[2635, 18.3, 30]]
4: rand [2796.625, 15.1875, 23.75]
5: mid [2299.8984771573605, 16.605076142131978, 29.543147208121827]
6: top: [[2635, 18.3, 30]]
4: rand [3115.8888888888887, 15.588888888888887, 24.444444444444443]
5: mid [2303.219387755102, 16.60561224489796, 29.540816326530614]
6: top: [[2635, 18.3, 30]]
4: rand [3153.8, 16.240000000000002, 22.0]
5: mid [2298.3641025641027, 16.57897435897436, 29.53846153846154]
6: top: [[2635, 18.3, 30]]
4: rand [2878.6363636363635, 16.90909090909091, 22.727272727272727]
5: mid [2308.1, 16.5355, 29.35]
6: top: [[2635, 18.3, 30]]
4: rand [2875.75, 16.483333333333334, 25.0]
5: mid [2308.1, 16.5355, 29.35]
6: top: [[2635, 18.3, 30]]
4: rand [2853.846153846154, 16.26153846153846, 24.615384615384617]
5: mid [2309.1989795918366, 16.525, 29.43877551020408]
6: top: [[2635, 18.3, 30]]
4: rand [2848.5, 15.735714285714286, 25.714285714285715]
5: mid [2298.780748663102, 16.572192513368982, 29.62566844919786]
6: top: [[2635, 18.3, 30]]
4: rand [2906.2, 15.813333333333333, 24.0]
5: mid [2258.4074074074074, 16.535802469135806, 30.061728395061728]
6: top: [[2635, 18.3, 30]]
4: rand [2742.9375, 16.556250000000002, 25.0]
5: mid [2252.056603773585, 16.55534591194969, 30.12578616352201]
6: top: [[2635, 18.3, 30]]
4: rand [2636.0, 15.741176470588236, 25.88235294117647]
5: mid [2302.7315789473682, 16.626315789473683, 29.473684210526315]
6: top: [[2635, 18.3, 30]]
4: rand [2747.4444444444443, 16.15, 23.88888888888889]
5: mid [2300.3386243386244, 16.630687830687833, 29.47089947089947]
6: top: [[2635, 18.3, 30]]
4: rand [3244.5263157894738, 15.352631578947367, 20.526315789473685]
5: mid [2258.45, 16.5225, 30.0625]
6: top: [[2635, 18.3, 30]]
1. top6 [[4220, 11.1, 20], [2350, 16.8, 30], [4325, 12.2, 20], [2900, 12.6, 30], [3907, 21, 20], [2755, 15.8, 30]]
2. top50 [[4220, 11.1, 20], [2350, 16.8, 30], [4325, 12.2, 20], [2900, 12.6, 30], [3907, 21, 20], [2755, 15.8, 30], [2164, 15, 30], [1937, 14, 30], [1755, 16.9, 40], [2226, 16.5, 20], [1985, 19.4, 30], [3785, 19, 20], [2735, 18, 30], [3850, 8.5, 20], [1835, 20.5, 30], [1825, 18.6, 40], [2230, 14.5, 30], [2678, 16.5, 30], [2205, 14.5, 40], [3504, 12, 20], [2003, 19, 30], [2865, 16.4, 20], [4312, 8.5, 10], [3436, 11, 20], [2489, 15, 20], [4456, 13.5, 10], [2511, 18, 20], [4215, 13, 20], [2075, 15.9, 30], [2945, 16, 20], [2190, 14.1, 30], [3265, 18.2, 20], [3003, 20.1, 20], [2855, 17.6, 20], [3210, 17.2, 20], [2789, 15, 20], [3820, 16.7, 20], [2870, 18.1, 30], [1649, 16.5, 30], [3777, 12.5, 20], [4382, 13.5, 10], [2220, 16.9, 30], [2210, 14.4, 30], [3399, 11, 20], [4376, 15, 10], [1867, 19.5, 30], [2135, 16.6, 30], [3830, 15.2, 20], [2672, 17.5, 30], [1975, 19.4, 40]]
3. most [[2130, 24.6, 40]]
4: rand [3194.75, 14.375, 20.0]
5: mid [2901.353723404255, 15.754787234042544, 24.49468085106383]
6: top: []
4: rand [3429.6, 16.04, 22.0]
5: mid [2900.6844919786095, 15.770320855614964, 24.49197860962567]
6: top: [[3139, 14.5, 20]]
4: rand [3603.5, 13.316666666666665, 18.333333333333332]
5: mid [2568.226804123711, 16.50446735395189, 27.010309278350515]
6: top: [[3139, 14.5, 20]]
4: rand [2784.5714285714284, 14.828571428571427, 27.142857142857142]
5: mid [2450.868525896414, 16.466932270916335, 28.08764940239044]
6: top: [[3139, 14.5, 20]]
4: rand [3334.375, 16.175, 21.25]
5: mid [2429.8227848101264, 16.497468354430378, 28.523206751054854]
6: top: [[3139, 14.5, 20]]
4: rand [2559.222222222222, 15.988888888888889, 30.0]
5: mid [2430.2521739130434, 16.483043478260868, 28.82608695652174]
6: top: [[3139, 14.5, 20]]
4: rand [3200.4, 15.49, 22.0]
5: mid [2442.194214876033, 16.48181818181818, 28.388429752066116]
6: top: [[3139, 14.5, 20]]
4: rand [3052.0, 15.418181818181818, 19.09090909090909]
5: mid [2363.7545454545457, 16.458636363636366, 29.136363636363637]
6: top: [[3139, 14.5, 20]]
4: rand [2851.6666666666665, 15.683333333333335, 25.0]
5: mid [2341.7264150943397, 16.518396226415096, 29.245283018867923]
6: top: [[3139, 14.5, 20]]
4: rand [3240.230769230769, 15.792307692307695, 23.076923076923077]
5: mid [2300.6358974358973, 16.64564102564103, 29.641025641025642]
6: top: [[3139, 14.5, 20]]
4: rand [2628.5714285714284, 15.957142857142857, 29.285714285714285]
5: mid [2337.6233766233768, 16.593506493506496, 28.636363636363637]
6: top: [[3139, 14.5, 20]]
4: rand [2767.0, 16.013333333333335, 25.333333333333332]
5: mid [2301.871794871795, 16.583076923076927, 29.487179487179485]
6: top: [[3139, 14.5, 20]]
4: rand [3073.1875, 15.475000000000003, 21.875]
5: mid [2302.118556701031, 16.547422680412375, 29.536082474226806]
6: top: [[3139, 14.5, 20]]
4: rand [2990.529411764706, 14.876470588235293, 24.705882352941178]
5: mid [2321.915, 16.532500000000002, 29.4]
6: top: [[3139, 14.5, 20]]
4: rand [3149.5555555555557, 15.694444444444445, 25.0]
5: mid [2303.7842105263157, 16.596842105263164, 29.63157894736842]
6: top: [[3139, 14.5, 20]]
4: rand [3137.842105263158, 16.042105263157893, 22.63157894736842]
5: mid [2303.7842105263157, 16.596842105263164, 29.63157894736842]
6: top: [[3139, 14.5, 20]]
1. top6 [[3907, 21, 20], [3570, 12.8, 20], [3785, 19, 20], [3329, 15.5, 20], [4425, 10, 10], [3360, 16.6, 20]]
2. top50 [[3907, 21, 20], [3570, 12.8, 20], [3785, 19, 20], [3329, 15.5, 20], [4425, 10, 10], [3360, 16.6, 20], [3410, 15.8, 20], [2592, 18.5, 20], [1835, 20.5, 30], [3445, 13.4, 20], [2380, 20.7, 30], [3630, 17.7, 20], [1867, 19.5, 30], [1649, 16.5, 30], [4294, 16, 10], [3415, 15.8, 20], [4209, 12, 10], [4906, 12.5, 10], [2120, 15.5, 30], [2290, 17, 30], [3085, 17.6, 20], [2046, 19, 30], [4633, 11, 10], [3940, 13, 20], [1800, 14.4, 40], [2215, 14.9, 30], [2420, 12.5, 20], [2870, 18.1, 30], [2108, 15.5, 20], [4220, 11.1, 20], [2035, 22.2, 30], [2735, 18, 30], [2189, 18, 30], [4654, 13, 10], [3605, 15, 20], [1980, 15.3, 40], [2158, 15.5, 20], [2395, 18, 30], [4055, 12, 10], [2572, 14.9, 30], [2220, 14, 20], [2234, 12.5, 30], [2155, 14.8, 30], [2635, 18.3, 30], [1755, 16.9, 40], [2003, 19, 30], [2278, 15.5, 20], [2085, 21.7, 40], [3021, 16.5, 20], [4100, 13, 10]]
3. most [[2130, 24.6, 40]]
4: rand [3623.0, 12.350000000000001, 20.0]
5: mid [2569.494880546075, 16.487030716723545, 26.996587030716725]
6: top: []
4: rand [3165.0, 13.88, 24.0]
5: mid [2571.426116838488, 16.488316151202746, 26.97594501718213]
6: top: [[3121, 16.5, 20]]
4: rand [2772.8333333333335, 15.366666666666665, 28.333333333333332]
5: mid [2573.386206896552, 16.479655172413793, 26.96551724137931]
6: top: [[3121, 16.5, 20]]
4: rand [2815.0, 15.357142857142858, 27.142857142857142]
5: mid [2384.90625, 16.432589285714286, 28.839285714285715]
6: top: [[3121, 16.5, 20]]
4: rand [3225.375, 16.2375, 21.25]
5: mid [2382.9363636363637, 16.482272727272726, 28.954545454545453]
6: top: [[3121, 16.5, 20]]
4: rand [3303.3333333333335, 14.47777777777778, 22.22222222222222]
5: mid [2309.0564102564103, 16.638974358974362, 29.487179487179485]
6: top: [[3121, 16.5, 20]]
4: rand [3123.4, 16.53, 22.0]
5: mid [2306.4507772020725, 16.648186528497412, 29.481865284974095]
6: top: [[3121, 16.5, 20]]
4: rand [3119.818181818182, 15.272727272727273, 22.727272727272727]
5: mid [2307.0052083333335, 16.66614583333334, 29.479166666666668]
6: top: [[3121, 16.5, 20]]
4: rand [2615.0833333333335, 15.625, 25.833333333333332]
5: mid [2307.6178010471203, 16.679581151832465, 29.476439790575917]
6: top: [[3121, 16.5, 20]]
4: rand [3151.230769230769, 15.107692307692306, 20.0]
5: mid [2303.184210526316, 16.684736842105266, 29.526315789473685]
6: top: [[3121, 16.5, 20]]
4: rand [2589.0714285714284, 16.514285714285712, 27.857142857142858]
5: mid [2298.2804232804233, 16.665079365079368, 29.523809523809526]
6: top: [[3121, 16.5, 20]]
4: rand [2745.4666666666667, 15.06, 24.666666666666668]
5: mid [2298.2804232804233, 16.665079365079368, 29.523809523809526]
6: top: [[3121, 16.5, 20]]
4: rand [3021.0, 14.837499999999999, 21.875]
5: mid [2300.1069518716577, 16.655080213903748, 29.518716577540108]
6: top: [[3121, 16.5, 20]]
4: rand [2945.4117647058824, 15.723529411764703, 24.11764705882353]
5: mid [2300.1069518716577, 16.655080213903748, 29.518716577540108]
6: top: [[3121, 16.5, 20]]
4: rand [2971.3333333333335, 17.061111111111114, 25.555555555555557]
5: mid [2294.864864864865, 16.682702702702706, 29.56756756756757]
6: top: [[3121, 16.5, 20]]
4: rand [3004.1052631578946, 15.289473684210526, 23.68421052631579]
5: mid [2294.726775956284, 16.697814207650275, 29.508196721311474]
6: top: [[3121, 16.5, 20]]
